7\n006$900013-200417\n3816 F410000002,000040\n012342.696,14396MS,164.40 -0.14,-.35,9.49,-0.06,-0.12,0.12,-12.06,7.56,9.25,0.00,-1.00,1.88,-0.17,-0.33,9.79,22.81,100358.08,56.05,164.67,8807.00--000000000000000000000000007.
7\n0059900013-200417\n3816 F410000002$000040\n012342.696,14396MS,164.40 -0.14,-.35,9.49,-0.06,-0.12,0.12,-12.06,7.56,9.25,0.00,-1.00,1.88,-0.17,-0.33,9.79,22.81,100358.08,56.05,1699
7\n0058900013-200417\n3816 F410000002\n000147\n012342.696,14396MS,164.40 -0.14,-0.35,9.49,-0.06,-0.12,0.12,-12.06,7.56,9.25,0.00,-1.00,1.88,-0.17,-0.33,9.79,22.81,100358.08,56.05,.5
7\n0071900013-200417\n3816 F410000002049148\n012342.696,24282MS,164.40 -0.15,-0.35,9.46,0.06,0.19,0.00,-12.38,8.38,10.06,0.00,-1.00,1.88,-0.17,-0.33,9.79,22.83,100360.95,55.96,164.43,8828.00--00000000000000000000000000000000000,3
7\n0071900013-200417\n3816 F4100000030049148\n012342.696,25733MS,164.40 -0.18,-0.34,9.46,0.00,0.00,0.00,-12.06,9.88,10.06,0.00,-1.00,1.88,-0.17,-0.33,9.79,22.83,100358.74,55.94,164.61,8817.00--00000000000000000000000000000000000.\n
7\n0071900013-200417\n3816 F4100000031049147\n012342.696,26022MS,164.40 -0.18,-0.34,9.48,0.00,0.06,0.06,-12.75,8.38,9.69,0.00,-1.00,1.88,-0.17,-0.33,9.79,22.83,100358.74,55.94,164.61,8822.50--00000000000000000000000000000000000068
7\n0071900013-200417\n3816 F4100000032000049\n012342.696,27046MS,164.40 -0.16,-0.35,9.48,0.12,-0.12,0.00,-12.06,9.06,8.88,0.00,-1.00,1.88,-0.17,-0.33,9.79,22.83,100359.07,55.95,164.59,8834.00--000000000000000000000000000000000009
7\n0059900013-200417\n3816 F4100000033000049\n012342.696,27046MS,164.40 -0.16,-0.35,9.48,0.12,-0.12,0.00,-12.06,9.06,8.88,0.00,-1.00,1.88,-0.17,-0.33,9.79,22.83,100359.07,55.95,16405
7\n0059900013-200417\n3816 F4100000034000148\n012342.696,27046MS,164.40 -0.16,-0.35,9.48,0.12,-0.12,0.00,-12.06,9.06,8.88,0.00,-1.00,1.88,-0.17,-0.33,9.79,22.83,100359.07,55.95,16404
7\n006$900013-200417\n3816 F4100000035000040\n012342.696,36309MS,164.40 -0.14,-.34,9.45,-0.06,0.00,0.00,-11.69,8.38,9.25,0.00,-1.00,1.88,-0.17,-0.33,9.79,22.86,100360.41,55.90,164.47,8797.00--00000000000000000000000000015
7\n0059900013-200417\n3816 F4100000036000148\n012342.696,36309MS,164.40 -0.14,-0.34,9.45,-0.06,0.00,0.00,-11.69,8.38,9.25,0.00,-1.00,1.88,-0.17,-0.33,9.79,22.86,100360.41,55.90,164,2
7\n006$900013-200417\n3816 F4100000037000040\n012342.696,41506MS,164.40 -0.16,-.34,9.47,-0.06,0.00,0.00,-12.38,8.75,10.06,0.00,-1.00,1.88,-0.17,-0.33,9.79,22.86,100358.95,55.82,164.59,8821.00--0000000000000000000000000014
7\n0058900013-200417\n3816 F4100000038000049\n012342.696,41506MS,164.40 -0.16,-0.34,9.47,-0.06,0.00,0.00,-12.38,8.75,10.06,0.00,-1.00,1.88,-0.17,-0.33,9.79,22.86,100358.95,55.82,\n2
7\n0059900013-200417\n3816 F4100000039000049\n012342.696,41506MS,164.40 -0.16,-0.34,9.47,-0.06,0.00,0.00,-12.38,8.75,10.06,0.00,-1.00,1.88,-0.17,-0.33,9.79,22.86,100358.95,55.82,16,.
7\n005-900013-200417\n3816 F410000003-000151\n012342.696,41506MS,164.40 -0.16,-0.34,9.47,-0.06,0.00,0.00,-12.38,8.75,10.06,0.00,-1.00,1.88,-0.17,-0.33,9.79,22.86,100358.95,55.82,164.76
7\n0071900013-200417\n3816 F410000003.000049\n012342.696,52451MS,164.40 -0.16,-0.33,9.46,0.06,-0.12,0.12,-11.25,8.75,9.69,0.00,-1.00,1.88,-0.17,-0.33,9.79,22.87,100359.88,55.64,164.52,8838.00--0000000000000000000000000000000000004
7\n0059900013-200417\n3816 F410000003,000040\n012342.696,52451MS,164.40 -0.16,-.33,9.46,0.06,-0.12,0.12,-11.25,8.75,9.69,0.00,-1.00,1.88,-0.17,-0.33,9.79,22.87,100359.88,55.64,164W
7\n0058900013-200417\n3816 F410000003$000049\n012342.696,52451MS,164.40 -0.16,-0.33,9.46,0.06,-0.12,0.12,-11.25,8.75,9.69,0.00,-1.00,1.88,-0.17,-0.33,9.79,22.87,100359.88,55.64,161
7\n0058900013-200417\n3816 F410000003\n000146\n012342.696,52451MS,164.40 -0.16,-0.33,9.46,0.06,-0.12,0.12,-11.25,8.75,9.69,0.00,-1.00,1.88,-0.17,-0.33,9.79,22.87,100359.88,55.64,162
7\n006,900013-200417\n3816 F410000003040147\n012442.947,6771MS,164.52 -0.17,-0.34,9.49,0.00,0.06,-0.06,-12.06,8.38,9.69,0.00,-1.00,1.88,-0.17,-0.33,9.79,22.89,100360.11,55.54,164.50,8830.00--000000000000000000000000000,4
7\n006,900013-200417\n3816 F4100000040000040\n012442.947,7771MS,164.52 -0.16,-0.34,9.46,0.06,-0.19,0.00,-12.06,8.38,10.38,0.00,-1.00,1.88,-0.17,-0.33,9.79,22.89,100359.44,55.56,164.55,8809.00--00000000000000000000000000.0
7\n0059900013-200417\n3816 F4100000041000040\n012442.947,7771MS,164.52 -0.16,-0.34,9.46,0.06,-0.19,0.00,-12.06,8.38,10.38,0.00,-1.00,1.88,-0.17,-0.33,9.79,22.89,100359.44,55.56,164.91
7\n0059900013-200417\n3816 F4100000042000049\n012442.947,7771MS,164.52 -0.16,-0.34,9.46,.06,-0.19,0.00,-12.06,8.38,10.38,0.00,-1.00,1.88,-0.17,-0.33,9.79,22.89,100359.44,55.56,164.78
7\n0058900013-200417\n3816 F4100000043000148\n012442.947,7771MS,164.52 -0.16,-0.34,9.46,0.06,-0.19,0.00,-12.06,8.38,10.38,0.00,-1.00,1.88,-0.17,-0.33,9.79,22.89,100359.44,55.56,16$1
7\n006,900013-200417\n3816 F4100000044000040\n012442.947,18287MS,164.52 -0.15,-.34,9.45,0.06,0.06,0.06,-12.38,9.50,8.50,0.00,-1.00,1.88,-0.17,-0.33,9.79,22.89,100356.89,55.38,164.77,8804.00--00000000000000000000000000V
7\n005-900013-200417\n3816 F4100000045000150\n012442.947,18287MS,164.52 -0.15,-0.34,9.45,0.06,0.06,0.06,-12.38,9.50,8.50,0.00,-1.00,1.88,-0.17,-0.33,9.79,22.89,100356.89,55.38,164.7731
7\n006$900013-200417\n3816 F4100000046040148\n012442.947,22120MS,164.52 -0.17,-0.34,9.48,-0.06,0.12,0.00,-12.75,7.56,9.69,0.00,-1.00,1.88,-0.17,-0.33,9.79,22.89,100358.92,55.39,164.60,8810.00--0000000000000000000000000006,
7\n0071900013-200417\n3816 F4100000047000049\n012442.947,23511MS,164.52 -0.17,-0.33,9.48,0.00,0.00,0.06,-12.75,8.75,8.50,0.00,-1.00,1.88,-0.17,-0.33,9.79,22.89,100361.89,55.54,164.35,8847.00--0000000000000000000000000000000000002,
7\n0059900013-200417\n3816 F4100000048000148\n012442.947,23511MS,164.52 -0.17,-0.33,9.48,0.00,0.00,0.06,-12.75,8.75,8.50,0.00,-1.00,1.88,-0.17,-0.33,9.79,22.89,100361.89,55.54,164.$1
7\n0072900013-200417\n3816 F4100000049000049\n012442.947,27871MS,164.52 -0.16,-0.33,9.45,0.06,-0.12,-0.06,-12.06,9.88,9.25,0.00,-1.00,1.88,-0.17,-0.33,9.79,22.90,100361.23,55.36,164.40,8827.00--00000000000000000000000000000000000077
7\n0059900013-200417\n3816 F410000004-000049\n012442.947,27871MS,164.52 -0.16,-0.33,9.45,0.06,-0.12,-0.06,-12.06,9.88,9.25,0.00,-1.00,1.88,-0.17,-0.33,9.79,22.90,100361.23,55.36,1670
7\n0059900013-200417\n3816 F410000004.000149\n012442.947,27871MS,164.52 -0.16,-0.33,9.45,0.06,-0.12,-0.06,-12.06,9.88,9.25,0.00,-1.00,1.88,-0.17,-0.33,9.79,22.90,100361.23,55.36,166\n
7\n006,900013-200417\n3816 F410000004,000040\n012442.947,33689MS,164.52 -0.14,-.33,9.46,0.00,0.00,0.00,-11.69,8.75,9.69,0.00,-1.00,1.88,-0.17,-0.33,9.79,22.92,100362.81,55.31,164.27,8823.00--000000000000000000000000006
7\n0058900013-200417\n3816 F410000004$000040\n012442.947,33689MS,164.52 -0.14,-.33,9.46,0.00,0.00,0.00,-11.69,8.75,9.69,0.00,-1.00,1.88,-0.17,-0.33,9.79,22.92,100362.81,55.31,160
7\n0059900013-200417\n3816 F410000004\n000148\n012442.947,33689MS,164.52 -0.14,-0.33,9.46,0.00,0.00,0.00,-11.69,8.75,9.69,0.00,-1.00,1.88,-0.17,-0.33,9.79,22.92,100362.81,55.31,164.,9
7\n0071900013-200417\n3816 F410000004000049\n012442.947,35134MS,164.52 -0.17,-0.34,9.46,0.06,0.00,0.06,-11.69,8.00,9.25,0.00,-1.00,1.88,-0.17,-0.33,9.79,22.93,100363.30,55.43,164.23,8815.00--00000000000000000000000000000000000078
7\n0059900013-200417\n3816 F4100000050000040\n012442.947,35134MS,164.52 -0.17,-.34,9.46,0.06,0.00,0.06,-11.69,8.00,9.25,0.00,-1.00,1.88,-0.17,-0.33,9.79,22.93,100363.30,55.43,164.\n2
7\n0059900013-200417\n3816 F4100000051000049\n012442.947,35134MS,164.52 -0.17,-0.34,9.46,0.06,0.00,0.06,-11.69,8.00,9.25,0.00,-1.00,1.88,-0.17,-0.33,9.79,22.93,100363.30,55.43,164.\n7
7\n0059900013-200417\n3816 F4100000052000149\n012442.947,35134MS,164.52 -0.17,-0.34,9.46,0.06,0.00,0.06,-11.69,8.00,9.25,0.00,-1.00,1.88,-0.17,-0.33,9.79,22.93,100363.30,55.43,164.\n5
7\n0072900013-200417\n3816 F4100000053000049\n012442.947,45005MS,164.52 -0.16,-0.32,9.46,0.06,0.00,-0.06,-11.69,8.75,10.06,0.00,-1.00,1.88,-0.17,-0.33,9.79,22.94,100364.59,55.24,164.12,8833.00--00000000000000000000000000000000000080
7\n0059900013-200417\n3816 F4100000054000040\n012442.947,45005MS,164.52 -0.16,-.32,9.46,0.06,0.00,-0.06,-11.69,8.75,10.06,0.00,-1.00,1.88,-0.17,-0.33,9.79,22.94,100364.59,55.24,1606
7\n005-900013-200417\n3816 F4100000055000049\n012442.947,45005MS,164.52 -0.16,-0.32,9.46,0.06,0.00,-0.06,-11.69,8.75,10.06,0.00,-1.00,1.88,-0.17,-0.33,9.79,22.94,100364.59,55.24,164.,0
7\n0058900013-200417\n3816 F4100000056000040\n012442.947,45005MS,164.52 -0.16,-.32,9.46,0.06,0.00,-0.06,-11.69,8.75,10.06,0.00,-1.00,1.88,-0.17,-0.33,9.79,22.94,100364.59,55.24,1-
7\n0058900013-200417\n3816 F4100000057000147\n012442.947,45005MS,164.52 -0.16,-0.32,9.46,0.06,0.00,-0.06,-11.69,8.75,10.06,0.00,-1.00,1.88,-0.17,-0.33,9.79,22.94,100364.59,55.24,20
7\n006,900013-200417\n3816 F4100000058000049\n012543.158,4236MS,164.14 -0.15,-0.33,9.47,.00,0.00,-0.06,-11.25,8.00,9.25,0.00,-1.00,1.88,-0.17,-0.33,9.79,22.97,100365.36,55.09,164.06,8789.50--00000000000000000000000000005
7\n0057900013-200417\n3816 F4100000059000040\n012543.158,4236MS,164.14 -0.15,-0.33,9.47,0.00,0.00,-0.06,-11.25,8.00,9.25,0.00,-1.00,1.88,-0.17,-0.33,9.79,22.97,100365.36,55.09,10.
7\n0058900013-200417\n3816 F410000005-000049\n012543.158,4236MS,164.14 -0.15,-0.33,9.47,.00,0.00,-0.06,-11.25,8.00,9.25,0.00,-1.00,1.88,-0.17,-0.33,9.79,22.97,100365.36,55.09,1648\n
7\n0058900013-200417\n3816 F410000005.000051\n012543.158,4236MS,164.14 -0.15,-0.33,9.47,0.0,0.00,-0.06,-11.25,8.00,9.25,0.00,-1.00,1.88,-0.17,-0.33,9.79,22.97,100365.36,55.09,16485
7\n0058900013-200417\n3816 F410000005,000040\n012543.158,4236MS,164.14 -0.15,-0.33,9.47,0.00,0.00,-0.06,-11.25,8.00,9.25,0.00,-1.00,1.88,-0.17,-0.33,9.79,22.97,100365.36,55.09,164-4
7\n0059900013-200417\n3816 F410000005$000149\n012543.158,4236MS,164.14 -0.15,-0.33,9.47,0.00,0.00,-0.06,-11.25,8.00,9.25,0.00,-1.00,1.88,-0.17,-0.33,9.79,22.97,100365.36,55.09,164.0\n9
7\n006\n900013-200417\n3816 F410000005\n040150\n012543.158,24594MS,164.14 -0.16,-0.35,9.46,-0.12,-0.12,-0.06,-13.06,8.75,9.69,0.00,-1.00,1.88,-0.17,-0.33,9.79,22.97,100363.98,55.00,164.17,8804.00--000000000000000000000000000-\n
7\n006,900013-200417\n3816 F410000005000040\n012543.158,25634MS,164.14 -0.15,-.35,9.49,0.06,0.00,0.00,-11.69,8.38,9.69,0.00,-1.00,1.88,-0.17,-0.33,9.79,22.98,100366.95,54.90,163.93,8779.50--0000000000000000000000000098
7\n0058900013-200417\n3816 F4100000060000040\n012543.158,25634MS,164.14 -0.15,-.35,9.49,0.06,0.00,0.00,-11.69,8.38,9.69,0.00,-1.00,1.88,-0.17,-0.33,9.79,22.98,100366.95,54.90,1639
7\n0059900013-200417\n3816 F4100000061000050\n012543.158,25634MS,164.14 -0.15,-0.35,9.49,.06,0.00,0.00,-11.69,8.38,9.69,0.00,-1.00,1.88,-0.17,-0.33,9.79,22.98,100366.95,54.90,163.\n$
7\n0059900013-200417\n3816 F4100000062000050\n012543.158,25634MS,164.14 -0.15,-0.35,9.49,.06,0.00,0.00,-11.69,8.38,9.69,0.00,-1.00,1.88,-0.17,-0.33,9.79,22.98,100366.95,54.90,163.\n,
7\n0059900013-200417\n3816 F4100000063000050\n012543.158,25634MS,164.14 -0.15,-0.35,9.49,.06,0.00,0.00,-11.69,8.38,9.69,0.00,-1.00,1.88,-0.17,-0.33,9.79,22.98,100366.95,54.90,163.\n.
7\n0059900013-200417\n3816 F4100000064000040\n012543.158,25634MS,164.14 -0.15,-.35,9.49,0.06,0.00,0.00,-11.69,8.38,9.69,0.00,-1.00,1.88,-0.17,-0.33,9.79,22.98,100366.95,54.90,163.B
7\n0059900013-200417\n3816 F4100000065000148\n012543.158,25634MS,164.14 -0.15,-0.35,9.49,0.06,0.00,0.00,-11.69,8.38,9.69,0.00,-1.00,1.88,-0.17,-0.33,9.79,22.98,100366.95,54.90,163. 
7\n0072900013-200417\n3816 F4100000066000040\n012543.158,46001MS,164.14 -0.17,-.32,9.48,0.00,-0.06,0.06,-12.75,8.00,8.88,0.00,-1.00,1.88,-0.17,-0.33,9.79,23.01,100367.33,54.76,163.89,8779.00--0000000000000000000000000000000000000,-
7\n0059900013-200417\n3816 F4100000067000040\n012543.158,46001MS,164.14 -0.17,-.32,9.48,0.00,-0.06,0.06,-12.75,8.00,8.88,0.00,-1.00,1.88,-0.17,-0.33,9.79,23.01,100367.33,54.76,16377
7\n0059900013-200417\n3816 F4100000068000040\n012543.158,46001MS,164.14 -0.17,-.32,9.48,0.00,-0.06,0.06,-12.75,8.00,8.88,0.00,-1.00,1.88,-0.17,-0.33,9.79,23.01,100367.33,54.76,16376
